// Gmsh project created on Tue Apr  9 10:25:32 2013
Point(1) = {1, 0, 0, 1.0};
Point(2) = {0.5, 0.8660254037844386, 0, 1.0};
Point(3) = {0.5, -0.8660254037844386, 0, 1.0};
Point(4) = {-1, 0, 0, 1.0};
Point(5) = {-.5, -0.8660254037844386, 0, 1.0};
Point(6) = {-.5, 0.8660254037844386, 0, 1.0};
Point(7) = {0, 0, 0, 1.0};
Line(1) = {1, 2};
Line(2) = {2, 7};
Line(3) = {7, 3};
Line(4) = {3, 1};
Line(5) = {2, 6};
Line(6) = {6, 4};
Line(7) = {4, 7};
Line(8) = {4, 5};
Line(9) = {5, 3};
